# oST version 5.0 parameters


[image]

width
960

height
720

[narrow_stereo]

camera matrix
918.724684 0.000000 502.298889
0.000000 915.229995 355.706834
0.000000 0.000000 1.000000

distortion
-0.017937 0.054328 0.000070 0.006269 0.000000

rectification
1.000000 0.000000 0.000000
0.000000 1.000000 0.000000
0.000000 0.000000 1.000000

projection
919.944232 0.000000 507.422577 0.000000
0.000000 922.095763 355.778467 0.000000
0.000000 0.000000 1.000000 0.000000
