## 相机内参
fx: 406.932130
fy: 402.678201
x0: 316.629381
y0: 242.533947

## 畸变参数
k1: 0.039106
k2: -0.056494
p1: -0.000824
p2: 0.092161
k3: 0.0

